960217500
960217500
960217500
960217500
960217500
960217500
960217500
960217500
960217500
960217500
960217500
960217500
960217500
960217500
960217500
960217500
960217500
960217500
688971244
688971244
688971244
688971244
688971244
688971244
688971244
688971244
688971244
688971244
688971244
688971244
688971244
960217500
688971244
688971244
688971244
688971244
688971244
688971244
688971244
688971244
688971244
688971244
688971244
688971244
688971244
688971244
688971244
688971244
688971244
688971244
688971244
688971244
688971244
688971244
688971244
688971244
688971244
688971244
688971244
688971244
688971244
688971244
688971244
688971244
688971244
688971244
688971244
688971244
688971244
688971244
688971244
688971244
688971244
688971244
688971244
688971244
688971244
688971244
688971244
688971244
688971244
688971244
688971244
688971244
688971244
688971244
688971244
688971244
688971244
688971244
688971244
688971244
688971244
688971244
688971244
688971244
688971244
688971244
688971244
688971244
688971244
688971244
688971244
688971244
688971244
688971244
688971244
688971244
688971244
688971244
688971244
688971244
688971244
688971244
688971244
688971244
688971244
688971244
688971244
688971244
688971244
688971244
688971244
688971244
688971244
688971244
688971244
688971244
688971244
688971244
688971244
688971244
688971244
688971244
688971244
688971244
688971244
688971244
688971244
688971244
688971244
688971244
688971244
688971244
688971244
688971244
688971244
688971244
688971244
688971244
688971244
688971244
688971244
688971244
688971244
688971244
688971244
688971244
688971244
688971244
688971244
688971244
688971244
688971244
688971244
688971244
688971244
688971244
688971244
688971244
688971244
688971244
688971244
688971244
688971244
688971244
688971244
688971244
688971244
688971244
688971244
688971244
688971244
688971244
688971244
688971244
688971244
688971244
688971244
688971244
688971244
688971244
688971244
688971244
688971244
688971244
688971244
688971244
688971244
688971244
688971244
688971244
688971244
688971244
688971244
688971244
688971244
688971244
688971244
688971244
688971244
688971244
574853103
929436510
574853103
688971244
688971244
1306696610
688971244
688971244
688971244
688971244
688971244
688971244
1214589351
1214589351
909065801
688971244
688971244
688971244
688971244
1228281835
688971244
688971244
688971244
688971244
960217500
960217500
960217500
688971244
688971244
688971244
688971244
960217500
960217500
7103522803
7103522803
937370131
937370131
557083334
688971244
688971244
909065801
909065801
909065801
909065801
6559323207
6559323207
1403624680
410047791
1888666810
574853103
960217500
960217500
960217500
960217500
5447355119
688971244
688971244
688971244
74968050
74968050
74968050
574853103
6815508632
937370131
6534909685
1803483585
6082544603
929436510
6082544603
574853103
574853103
574853103
574853103
506687945
574853103
574853103
570134722
506687945
6815508632
1637361
1363485962
4429466
6520419382
6520419382
5619507712
7701131488
7701131488
929436510
6165599437
5232320580
5845754821
859243438
497399713
497399713
192685248
929436510
688971244
688971244
688971244
688971244
688971244
688971244
1214589351
6085147067
6231589099
1888666810
1888666810
2076950808
688971244
6484801171
308359695
5547081594
124377352
925235160
688971244
326123827
5772073103
1312441392
588247059
588247059
5173833824
6520419382
1306696610
890954182
557083334
1306696610
6676886931
929436510
570134722
574853103
574853103
1264113
386635527
1214589351
688971244
688971244
688971244
7640871490
688971244
1317404630
937370131
5391170
687210068
343049441
929436510
341296723
1085800656
1363485962
929436510
929436510
570134722
6600704706
1888666810
504391507
1264113
110324171
688971244
688971244
302293004
275510584
7781067728
890954182
1888666810
1057922726
1283830784
8143192360
1063163228
688971244
5153614518
124377352
929436510
929436510
1471759585
7199745718
1860059647
7337356800
5173833824
859243438
570134722
6520419382
224234211
7218104518
1803483585
1888666810
987877345
124377352
7123270219
6852307602
6552198039
563931678
563931678
574853103
1888666810
6236389155
6236389155
6236389155
175917954
967521034
7701131488
7701131488
805891473
2881025
1214589351
929436510
175917954
175917954
7778586085
859243438
226641006
793269535
1571887718
1805585489
40470748
124377352
6062701923
35397651
1085800656
1085800656
2076950808
929436510
929436510
570134722
570134722
859243438
929436510
1361238541
937370131
223685291
5281729218
223685291
645871205
826211634
826211634
59774311
574853103
1306696610
1214589351
5216914101
960217500
960217500
7701131488
7701131488
570134722
6340114588
214947008
397346238
726903037
726903037
103933842
103933842
118086451
275510584
148966265
7701131488
7701131488
570134722
7040851720
124377352
937370131
688971244
398887046
5927408446
929436510
1264113
570134722
539645747
1214589351
1363485962
1363485962
929436510
929436510
937370131
937370131
74968050
74968050
937370131
937370131
1554694345
645871205
645871205
688971244
1065303558
688971244
6520419382
2076950808
582243276
570134722
570134722
74968050
74968050
74968050
74968050
5040232180
5040232180
1888666810
1363485962
146811404
5232320580
5232320580
5232320580
223685291
159445355
7701131488
1842752334
527692440
527692440
937370131
929436510
544778418
211519760
5040232180
6473292885
131326144
5607142567
433777668
7654281842
7654281842
973250738
973250738
973250738
973250738
1403624680
929436510
1214589351
826211634
6573807380
937370131
570134722
1659884270
1659884270
1659884270
645871205
1674332065
1045519956
508157081
508157081
508157081
1026262362
189875930
929436510
5980265825
968280112
191533609
6815508632
1637361
6165599437
1306696610
6681871997
570134722
1363485962
929436510
29014981
124377352
1751374616
929436510
464105016
1342966421
829338825
829338825
1214589351
5959279409
857111413
901019169
57323422
1306696610
894601464
6168393125
6168393125
7996520119
929436510
929436510
826211634
570134722
6553486752
6520419382
1214589351
124377352
6168393125
6696364406
5791181513
6820316060
40470748
48817352
523357342
1390221178
557083334
7434949110
5832278451
5200120307
5850648980
5594276578
729610844
557083334
210490747
5779103324
613569174
576424522
754312545
754312545
101562986
2076950808
2076950808
2076950808
124377352
5531292670
6472092229
6552640864
6552640864
2011522833
5080418593
1306696610
570134722
74968050
74968050
574853103
574853103
574853103
6520419382
7265824835
7265824835
7701131488
7701131488
1264113
826211634
1214589351
6077249802
1279311783
6520419382
1085800656
238550789
5080418593
780101609
1027002039
1027002039
433225771
983411780
186017680
186017680
186017680
8160010485
8160010485
1034507708
960217500
103933842
1714251607
1714251607
1714251607
1481013339
6638827
1327163599
223572339
223572339
223572339
223572339
5120954328
5757450037
1421973688
5793253756
829338825
267142
596228378
324123146
557083334
7527113269
7527113269
1228374796
1228374796
1228374796
570134722
2076950808
890096823
527692440
527692440
1214589351
7527113269
6521057789
7527113269
982683747
982683747
982683747
982683747
6232553645
6232553645
574853103
134985310
6520419382
193670410
6955732734
159445355
5597202656
1355321865
324123146
1888666810
954251142
954251142
811542942
1888666810
1108859726
35397651
497433908
733230884
350976927
2799563
499116527
7502144413
574853103
6852511595
2076950808
159445355
7527113269
688971244
7527113269
7446214728
7446214728
7446214728
557083334
6165599437
7040851720
74968050
570134722
1888666810
7011372679
159741437
6520419382
1049787433
6439381014
5779103324
5779103324
5779103324
1659884270
1214589351
2076950808
5361563358
1306696610
1926566432
1926566432
40335316
40335316
5847806603
120804209
159445355
6520419382
1026173691
110901357
1070087181
1070087181
238528431
570134722
806336208
6866348858
637697296
6842754554
6842754554
1926566432
6165599437
315315636
5875653094
5875653094
683544515
1572851534
1926566432
1926566432
1792125305
1792125305
1792125305
103933842
688971244
688971244
688971244
1429402999
1644919465
7527113269
7527113269
468949089
2347095
910831008
1321590729
1725701130
688971244
688971244
688971244
688971244
688971244
688971244
7781067728
7832427962
7675666044
223685291
688971244
688971244
688971244
6800821922
159445355
159445355
6165599437
826211634
826211634
6168393125
530480017
6082544603
6559323207
6559323207
36138396
1659884270
2347095
570134722
6520419382
1700664276
5644498983
6955732734
6955732734
7758356076
688971244
574238842
574238842
315315636
1306696610
1306696610
7758356076
7758356076
6082544603
6082544603
6082544603
574853103
960217500
801372943
801372943
159445355
159445355
7011372679
6034560373
690532223
1751374616
7026010780
7026010780
1926566432
5391170
2011349791
198928187
527692440
1326007534
5609783261
5421153132
121331500
1006241080
159445355
485309716
464105016
688971244
1753191695
40470748
5744769167
574853103
5579477572
2347095
6165599437
5719069685
126767988
159445355
159445355
1306696610
1637361
1926566432
468949089
223685291
139155928
315315636
1926566432
574853103
574853103
1631271520
1631271520
1631271520
1631271520
688971244
688971244
784373641
660537013
324123146
7274378682
7274378682
1475139024
7527113269
688971244
7389659689
875089050
688971244
688971244
688971244
7399711222
688971244
688971244
688971244
6520419382
688971244
6520419382
688971244
1926566432
754312545
111287236
826211634
826211634
103933842
5719069685
128145572
5719069685
159445355
983290086
983290086
983290086
5258407749
1926566432
39043344
623668537
960217500
1926566432
134935774
5453941937
134935774
343049441
343049441
1926566432
103933842
1888666810
6165599437
6165599437
315315636
6095617678
47913200
1824703360
767642851
87630792
7781067728
527692440
688971244
7527113269
7831120592
5832278451
659966859
596228378
111287236
111287236
6155754224
486507393
792498408
792498408
1088673360
557083334
40470748
6040863214
1751374616
222632832
7040851720
527692440
6492574539
7776883936
937370131
937370131
6777438971
159445355
6520419382
1926566432
574853103
1926566432
1926566432
1926566432
1282183792
1363485962
123823544
103933842
5052853911
6439381014
1926566432
6082544603
960798123
960217500
6082544603
6082544603
6082544603
527692440
527692440
1926566432
6815508632
315315636
574853103
6082544603
198928187
1926566432
6077249802
6082544603
6815508632
393399967
800836051
800836051
6815508632
688971244
223685291
702908041
702908041
702908041
6559323207
960217500
6082544603
574853103
688971244
960217500
530480017
6082544603
121331500
688971244
688971244
6815508632
574853103
6815508632
574853103
315315636
1926566432
1926566432
6165599437
1926566432
1926566432
393399967
506687945
506687945
506687945
7735919113
6815508632
2347095
211519760
7095404503
1306696610
1926566432
1926566432
7103522803
960217500
2147055896
6815508632
2147055896
1926566432
1926566432
1926566432
1926566432
1842752334
1926566432
302217576
1926566432
1926566432
7852896224
983290086
393399967
393399967
393399967
6559323207
7581282359
1522256206
1361238541
393399967
2556674
6165599437
6529779132
6034560373
393399967
1751374616
1751374616
5391170
38692824
527692440
7540345542
7540345542
103933842
6414909273
2347095
574853103
574853103
2066033806
688971244
153276750
6082544603
574853103
574853103
315315636
6034560373
826211634
688971244
688971244
434460293
434460293
688971244
2147055896
792498408
1372086045
6165599437
6559323207
557083334
5391170
767642851
198928187
981494284
393399967
1306696610
1306696610
6565567290
121331500
570134722
37836652
1926566432
1659884270
1094999171
393399967
6520419382
159445355
29014981
6955732734
49917840
393399967
393399967
468949089
118161371
186017680
2347095
1929921695
7854197148
1929921695
7854197148
2036301285
702908041
397215678
6082544603
960798123
960798123
464105016
305706379
305706379
1775734485
1775734485
159445355
542857264
542857264
393399967
1606190171
932578963
932578963
393399967
1751374616
6177102892
393399967
7742965941
7742965941
315315636
688971244
7781067728
6165599437
1302524025
1302524025
890948662
890948662
6722710305
661524509
364143574
364143574
6263855534
826211634
793444896
7040851720
826211634
393399967
393399967
393399967
6285432417
1584743949
688971244
6520419382
7811018991
7811018991
7811018991
688971244
393399967
464105016
159445355
1382379422
275245596
275245596
574853103
40470748
983290086
315315636
1522256206
1424386690
1424386690
1424386690
1424386690
111287236
393399967
2147055896
735377611
6534909685
6082544603
6955732734
574853103
6439381014
531346723
393399967
1274060939
6513749914
153276750
5130852215
1363485962
1842752334
121331500
2087902208
937370131
7215589342
393399967
103933842
2011349791
6085147067
7781067728
7265824835
7781067728
950519119
587600261
587600261
1413151699
688971244
7781067728
765330115
5735348914
6866817267
971813033
7527113269
7527113269
7527113269
5083958387
6011556849
159445355
1097584370
7344553788
1306696610
7215589342
7215589342
5416291046
2166651
6165599437
103933842
6165599437
6182919994
6182919994
1659884270
159445355
7215589342
393399967
1792125305
1792125305
1396505301
688971244
753974251
6082544603
574853103
434460293
40470748
134935774
6285432417
5183897305
1751374616
7811018991
468949089
1803483585
2060385
393399967
1584743949
901203506
2147055896
315315636
5219492915
7007829239
7007829239
7007829239
7007829239
7007829239
7007829239
7007829239
349359633
7766535020
2014551862
7265824835
7701131488
7701131488
153276750
6096471910
6096471910
1998931588
7215589342
7651392440
7651392440
2082059063
1075131951
1075131951
1075131951
1075131951
93431229
103933842
93431229
393399967
49917840
1285297905
1619368921
146811404
6699628398
7781067728
349359633
843791982
7781067728
349420589
349420589
1326790317
1326790317
1326790317
6955732734
504798416
111287236
111287236
620756016
961659272
6955732734
1275667369
403113975
393399967
702908041
1306696610
1306696610
5391170
159445355
103933842
6520419382
688971244
1094758816
5183897305
5183897305
507562879
507562879
507562879
507562879
62521498
7215589342
994346299
315315636
470557362
1006241080
393399967
1012669524
5421193072
504547288
6783047543
6559323207
6559323207
1659884270
1659884270
767642851
393399967
6955732734
286602133
5183897305
1306696610
6439381014
1306696610
7701131488
5719069685
4429466
434460293
1362926637
6015271093
758126906
7215589342
7215589342
1998931588
814506773
6092812863
1725345493
7701131488
6513749914
688971244
159445355
707292488
189875930
7527113269
1094999171
522168547
6815508632
343388912
7095404503
7215589342
2147055896
182293378
6220284210
1007938401
1054429158
688971244
688971244
1998931588
937370131
302217576
40470748
1927847656
1927847656
6520419382
563931678
121331500
7215589342
6077345379
1075153494
121331500
1360809386
563931678
688971244
6349387758
1232043780
1232043780
6955732734
6955732734
1505788932
754312545
5960411573
40470748
1093417409
870038257
870038257
1892144094
1892144094
843791982
5687660219
551591276
6238038680
116266125
116266125
159445355
5996766702
5065252457
767642851
7216208792
1387335260
1649611768
111287236
198061291
743693283
159445355
6285432417
5531292670
684681004
6612141403
5276828032
6082544603
7701131488
588247059
274286401
6439381014
7455256547
702908041
7701131488
315315636
1214281081
40470748
214947008
1269956239
1021944613
1021944613
6238038680
1108138983
5538352554
5340310018
723417488
1956735311
5731654995
5189066332
688971244
149969770
619049375
5594276578
1283798615
688971244
5605122378
7490507788
1718293995
574853103
574853103
7781067728
2147055896
6011556849
688971244
57472558
159445355
955422728
688971244
371923887
75221419
75221419
75221419
79604711
767642851
6387512514
434460293
6520419382
7543238710
7543238710
6122856987
7096485362
5000670593
6612141403
1012669524
1306696610
7341196404
1824522751
1824522751
896644443
896644443
983011180
983011180
467509417
975385666
975385666
975385666
5531292670
1352698505
6764092064
40470748
555257756
702908041
40470748
40470748
40470748
40470748
5741449037
1239255484
207726
159445355
207726
7742965941
7742965941
1350720121
7334618855
120804209
120804209
892797727
6950830881
7144233940
6520419382
322366016
7040851720
464105016
6712804535
1356209790
896644443
642881989
1956735311
6520419382
6520419382
6552198039
1388103886
5925583895
159445355
6053023909
6258686420
5259761928
1021944613
29014981
6439381014
1285317579
1361238541
53819748
6128961191
53819748
53819748
53819748
688971244
688971244
159445355
723417488
1665144993
511764221
7527113269
7347171112
6231589099
532995962
735377611
212385718
7692439047
7692439047
6380141027
6380141027
1297319234
5492800502
6258686420
719452281
159445355
7615345949
6380141027
6258686420
988951353
1274060939
2116465563
506687945
1888666810
116266125
1547675574
5958836716
360636181
217924073
1011425757
1011425757
1011425757
2147055896
6950830881
7090889598
567251129
402124251
5644498983
5644498983
75421091
6693917106
159445355
6501273411
6606756797
6520419382
28064060
28064060
5912767564
1274060939
1108138983
775482537
2116411009
1930291361
488228124
1214843140
896279277
5957787192
396132072
335358285
5970203515
5970203515
6772823466
792498408
6552198039
6552198039
719452281
6552198039
6236347757
6236347757
6236347757
82781886
431411651
6552640864
36773411
574853103
574853103
574853103
622367092
7781067728
5074842233
5074842233
5527105589
1751374616
1011425757
198061291
198061291
242814044
1108138983
116266125
1026346102
775962325
159445355
2147055896
6520419382
6258686420
876483
121331500
103052659
5391170
5644498983
1264113
464105016
735377611
7527113269
1649611768
1649611768
1649611768
800836051
740263311
1021944613
1006741
7615345949
855993722
139389692
7851969
783672005
6892253509
1334327542
40659224
40659224
40659224
6165599437
574853103
1285297905
159445355
7096485362
202783522
574853103
574853103
574853103
7615345949
792498408
464105016
1274060939
6285432417
47474783
1108138983
1923212174
1923212174
613569174
613569174
139788295
139788295
674464672
144943411
960217500
960217500
464090051
1923212174
5360433795
1649611768
5727302464
2147055896
37206897
5386937464
1534354828
121860744
320342225
116266125
820211893
116266125
5997956234
6764092064
872047414
800836051
800836051
800836051
800836051
7781067728
7781067728
7901885016
7901885016
6935807295
6935807295
6935807295
574853103
6815508632
6815508632
7527113269
2556674
1929921695
820211893
681473756
681473756
569226057
7527113269
159445355
6950830881
786732661
103933842
5626983218
5626983218
876483
6076673783
5832278451
5832278451
5532449453
5273366719
6702602363
792498408
5329535937
5329535937
2022963180
2022963180
5644498983
826211634
6675748326
6521063378
249809856
249809856
249809856
249809856
249809856
7742965941
5266027827
574853103
1487832731
688971244
688971244
5603043709
5603043709
5970084677
125176275
7096485362
979966151
36773411
506687945
7273840322
1363485962
327209593
7921846706
1306696610
80363147
159445355
5817039983
5817039983
5817039983
736973340
36773411
340676267
918430074
499882081
5343537887
960217500
159445355
1274060939
1328443840
5065060350
62908763
6513749914
469009910
469009910
125673786
125673786
688971244
5527105589
5527105589
5527105589
6815508632
2556674
162718797
7615345949
159445355
5537465952
1815218070
1815218070
2556674
1306696610
7273840322
775482537
7759595740
159445355
718871
718871
718871
7689131178
557083334
1703554017
126767988
924498346
924498346
1093417409
189875930
7185509064
1887523573
28064060
144943411
121331500
7615345949
1030672876
329692156
329692156
958803470
924498346
1907338474
958803470
937370131
890386326
1136780837
1306696610
639528389
2166651
6416978670
7281884377
116266125
193736655
159445355
769688
198061291
1291130429
1363485962
5259761928
5259761928
6553486752
5323900491
5323900491
760018796
5753180903
901203506
924498346
712784157
712784157
6258686420
1403624680
103933842
620251035
126734062
7328143167
465318047
125789900
125789900
1783185252
127947703
1393572302
451816845
924498346
250436046
7226903414
2819154
924498346
6567587914
1295373806
121331500
796314597
679667191
679667191
6764092064
7615345949
5001754363
1253417558
6170095223
574853103
574853103
574853103
574853103
574853103
2556674
159445355
8143192360
341256821
1133956851
497399713
924498346
1306696610
1378930642
274160963
121331500
5394507412
8143192360
7040851720
1198372418
766030891
7081585431
170393600
170393600
159445355
552496887
278027701
278027701
6552198039
1892144094
688971244
688971244
90732637
1117208040
5084814144
5297701422
116266125
125673786
47474783
6743165892
341296752
341296752
341296752
341296752
8143192360
5753180903
961351041
1264113
5236524176
5236524176
5236524176
573279043
6238171696
6552198039
6236347757
924498346
785385894
211519760
1638783950
47474783
820211893
121331500
159445355
103933842
6950830881
557083334
960798123
7581282359
6950830881
924498346
5888302160
6895766227
6895766227
6631439812
6224700775
6895766227
6895766227
5637591844
958803470
263371676
775433231
826211634
7615345949
752837426
916020549
6631439812
941660151
2133660660
820211893
159445355
924498346
6396756710
7999899374
1489580067
557083334
1327163599
1327163599
7663926241
5478748786
1319551076
33579101
373945707
251102435
251102435
957136417
957136417
957136417
159445355
251102435
47474783
121331500
5753180903
5626983218
5787597836
341296752
6935807295
125673786
125673786
5626983218
6895766227
5160660695
5395401029
958803470
5742141866
1306696610
393399967
139564132
924498346
1911216811
6305077753
431441788
1108859726
111287236
5215438375
5215438375
542654334
688971244
688971244
688971244
68478335
5753180903
7226903414
7226903414
688971244
688971244
111287236
5915718118
643776
159445355
677854065
2005199078
1745261227
6631439812
1745261227
5684941671
767813976
1075131951
139564132
6895766227
958803470
44047755
830373292
139564132
139564132
5832278451
103933842
275286660
159445355
341296752
341296752
7615345949
1140718974
151963560
151963560
111287236
6895766227
6895766227
688971244
688971244
688971244
6895766227
6781659163
5495097086
7758356076
159445355
8007875733
1085800656
7331380820
8007875733
7581282359
139564132
139564132
51879863
7663822286
7389492175
557083334
7812479282
5347572663
65279637
8036429916
500625301
72237596
5753180903
5829184095
6472253789
343944195
6895766227
6895766227
7851969
901203506
6895766227
159445355
159445355
6236347757
7273840322
5579477572
159843359
693516
5863317784
118984737
6236347757
243256729
574853103
917782656
5023060946
917782656
1163999634
1378930642
1225017288
1306696610
121331500
159445355
1849385274
1849385274
159445355
2053989051
6545521061
2463290
47474783
5704696588
931982240
931982240
931982240
931982240
931982240
5304887893
957136417
103933842
5753180903
914217276
914217276
275510584
159445355
46914601
46914601
7554608288
7554608288
846610280
901203506
1108138983
5945200120
159445355
6935807295
5626983218
159445355
1785945816
303069289
264779264
6179701510
903980162
5023060946
5023060946
7420006211
341296752
341296752
341296752
6179701510
159445355
6179701510
159445355
7615345949
7615345949
796868487
796868487
47474783
933892014
7527113269
7273840322
5476295700
5476295700
5579477572
6464614643
5984430789
5279512386
8046096612
6168393125
1306696610
6168393125
628626664
264779264
1926566432
5186043079
5186043079
5186043079
574853103
5719952041
7040851720
1805585489
305706379
1007363553
6238038680
871588915
871588915
643091149
5186043079
1926566432
1926566432
497187918
6935807295
1982786096
709322939
826211634
116266125
1926566432
1926566432
901203506
5819237324
7615345949
20776254
6576050993
502136849
341296752
341296752
341296752
341296752
767813976
2004860155
2004860155
5323900491
5323900491
7701131488
901203506
800836051
800836051
1926566432
5579477572
393399967
800836051
800836051
506687945
547013562
103933842
2095401024
67638215
861711573
1619545636
425100961
547013562
7615345949
119184367
7615345949
1286291708
1286291708
1286291708
1286291708
6096471910
574853103
491566872
1751374616
593469294
593469294
6935807295
5594276578
479262624
479262624
676616851
1926566432
341296752
451816845
783229259
783229259
5943154622
698132459
6895766227
557083334
5186043079
5186043079
5173833824
7615345949
613569174
7615345949
955579618
955579618
6895766227
38378061
6199910059
6199910059
341296752
341296752
6062701923
5186043079
1926566432
7615345949
341296752
7615345949
343944195
189875930
6895766227
6895766227
6957674263
341296752
800836051
5023060946
1926566432
1926566432
5957787192
5186043079
341296752
5186043079
5186043079
47474783
7794232541
6950830881
5186043079
120823147
713493687
713493687
1788559929
6114265400
5841787529
6477793150
7615345949
111287236
642889692
557083334
7218104518
7218104518
369057568
47474783
6935807295
5186043079
7218104518
547013562
1926566432
1412554724
643091149
103933842
800969846
100688883
826211634
1926566432
5186043079
901203506
7603043009
6232228641
5186043079
5186043079
5186043079
5186043079
94033405
104612024
1306696610
374583678
7615345949
227684666
547013562
1655731750
7781067728
450717499
393399967
1523099833
826211634
547013562
826211634
341296752
341296752
6082544603
6082544603
5186043079
227490989
7745855284
5283233749
557083334
1176054253
1210456610
5186043079
7745855284
1057922726
547013562
796868487
796868487
6078082564
6935807295
5577042178
832107759
6037296383
547013562
1518396545
341296752
341296752
341296752
341296752
5360433795
7135578193
7135578193
1802864196
471184182
6724340930
6606874962
7745855284
7154801916
1816205121
1954813949
7615345949
557083334
7135578193
7135578193
7135578193
1209189547
5416087843
7455256547
573169471
7455256547
6935807295
6935807295
7073182938
6464614643
937370131
973838654
368770
2048715280
2048715280
557083334
5338435772
79159562
159445355
2048715280
2048715280
7274378682
464105016
1057922726
2048715280
464105016
1843637342
506687945
516688662
7218104518
7218104518
822050042
7083566960
516688662
1911216811
5829184095
665455473
6895766227
516688662
7908065915
6895766227
5056273144
5056273144
7163560490
7023100968
7023100968
1039438537
159445355
6114265400
7399344135
7135578193
7821781291
6305594228
6305594228
111287236
7615345949
7218104518
5989880698
159445355
145217771
6070393783
354991052
747243505
159445355
1906359283
5579477572
7835632188
800969846
800969846
890913706
890913706
275510584
275510584
464105016
464105016
6632707423
7218104518
6391713716
1861769751
5042234378
47474783
535188803
535188803
535188803
7135578193
464105016
5478486850
1841226464
1766800366
275510584
275510584
7040851720
6935807295
7399711222
159445355
5802851298
7135578193
5283390822
5478486850
6895766227
800845907
800845907
5035113820
5035113820
264355585
264355585
471184182
159445355
5832278451
890517189
6787681165
6787681165
5892746300
7135578193
7135578193
5892746300
5892746300
159445355
906003808
906003808
354991052
111287236
305706379
8143192360
777157114
449792300
6557505839
354991052
5011384390
5011384390
5011384390
5207364175
159445355
686951947
7154801916
7154801916
7154801916
108311230
6155594109
7135578193
7135578193
7135578193
301633889
1911216811
7615345949
6165599437
405645895
5893189015
799925528
6059978044
3485168
354991052
6165599437
781842087
159445355
6895766227
7272883063
7701131488
7745855284
7745855284
7745855284
718254221
6815508632
5928379031
7218104518
833148142
159445355
1479976258
1479976258
2193364
2193364
159445355
93560583
8143192360
5249646250
5249646250
5405362941
187511821
834607296
6604857208
388074584
574853103
5619507712
719619730
1575422470
5527646177
5527646177
2076950808
159445355
7446214728
354991052
6895766227
275510584
275510584
275510584
111287236
751827648
5791335706
7615345949
1446014937
458250167
5416087843
6895766227
419150560
159445355
7615345949
354991052
354991052
159445355
1607198273
275510584
253052743
7218104518
6043671650
7218104518
7218104518
7854197148
7987354896
6369558354
2076950808
7615345949
159445355
5791181513
5791181513
1451552557
1451552557
7615345949
569371614
569371614
569371614
569371614
5293465630
354991052
1575422470
719619730
1387335260
5791181513
101758966
354991052
5579477572
7272883063
7272883063
497187918
7615345949
354991052
5579477572
5579477572
6165599437
718871
732271437
914788672
6559323207
5414752290
727950181
727950181
727950181
77188686
378094841
187511821
354991052
5579477572
5579477572
7522686082
6895766227
7615345949
5793470335
1351696813
1527935214
941660151
354991052
559714733
6895766227
1554694345
5820329362
62951686
5791181513
1803483585
1764227759
354991052
5099416304
5099416304
5791181513
5955075355
1695570
5791181513
159458952
159458952
159458952
7615345949
6895766227
6895766227
354991052
914788672
2999423
6165599437
2050173103
354991052
1024326390
218062314
6174768690
5210689371
7218104518
48817352
914788672
914788672
455904322
914788672
5820329362
1025924737
6091410333
6604857208
72150148
5791181513
605899278
605899278
221984389
1852411539
6727279825
179501402
790946833
7615345949
6472540833
5850648980
1264113
5301117974
5791181513
5791181513
5791181513
1026701485
7278574724
1479976258
1924753495
213512255
6660522305
213512255
213512255
150907227
105218718
826859383
5197089788
6271810481
189875930
29188360
6660522305
1467934495
1467934495
6060808795
7615345949
1924753495
111287236
7020867865
1924753495
1924753495
222262420
222262420
629713526
5955075355
6604857208
7745855284
5093673748
1024326390
5820329362
1024326390
1299633861
1299633861
1185839224
1430927081
1640700519
7686892193
1363485962
211519760
6165599437
126767988
727950181
6462715566
8036429916
8036429916
6926950178
6181861898
7092154155
222262420
467525365
467525365
1434008684
1434008684
1434008684
1923842
6110677544
6110677544
1713919062
1713919062
214947008
1268933555
1268933555
1458780312
47902412
47902412
47902412
47902412
5099416304
5376882952
26354554
5342440128
5478748786
5478748786
5047272292
5047272292
5047272292
1185839224
1924753495
967521034
1157909287
6478378631
5574894772
5574894772
773416223
1024326390
467525365
727950181
8064585624
6078082564
900588070
6306470597
211202656
211202656
211202656
6398335630
716098638
716098638
5404496637
1409227833
5899369361
1401178121
93760917
1713919062
905159730
905159730
905159730
905159730
905159730
905159730
485208366
905159730
905159730
1010552403
457769805
5100932731
716098638
716098638
552496887
727950181
7745855284
1302524025
669838855
617053524
712978855
716098638
775433231
548684671
548684671
222262420
6660522305
222262420
7040851720
299072669
5899497054
261304063
2556674
727950181
1691886389
900588070
900588070
1306696610
5886136212
1024405767
299072669
5473675979
5839567586
5839567586
7580351467
211519760
7519227553
110829415
7095404503
5176522730
727950181
5133718904
5485529780
6338116266
6072428973
310534921
310534921
5485529780
1024326390
278027701
7490507788
1024326390
6740402608
6080538485
892245488
222262420
222262420
335586434
727950181
51040661
51040661
7113876766
1215707027
900588070
900588070
900588070
900588070
1302524025
716098638
2068816673
2751696
61226571
61226571
51040661
1713919062
1713919062
727950181
760706255
574853103
574853103
716098638
1513296594
1513296594
5740632892
5740632892
51040661
1590648995
7399344135
51040661
716098638
61420295
5561865754
1764227759
5740632892
5740632892
99525645
99525645
960217500
960217500
960217500
960217500
960217500
960217500
960217500
960217500
960217500
960217500
960217500
960217500
960217500
960217500
960217500
960217500
960217500
960217500
960217500
7746040125
960217500
960217500
960217500
960217500
960217500
960217500
960217500
960217500
960217500
960217500
960217500
960217500
960217500
960217500
960217500
960217500
960217500
960217500
960217500
960217500
960217500
960217500
960217500
960217500
960217500
960217500
960217500
960217500
960217500
960217500
960217500
960217500
960217500
960217500
7746040125
7746040125
7746040125
960217500
960217500
960217500
960217500
960217500
960217500
960217500
960217500
960217500
960217500
960217500
960217500
960217500
960217500
960217500
960217500
870038257
7701131488
2123390920
54743062
961351041
6308066177
890913706
870038257
6308066177
961351041
961351041
961351041
961351041
961351041
960217500
7264632434
7264632434
1184106932
1184106932
192897349
960217500
960217500
